700232589
700291742
700291805
700329920
700329934
700329959
700330118
700330133
700330136
700444236
700466060
700466567
700537968
700594722
700600196
700706152
70120008
70120649
70120783
70121086
70123874
70124311
70141224
70141234
70220097
70220705
70223947
70224319
70240030
70241044
70342447
70420115
70420587
70423082
70423465
70424622
70440950
70441265
70842579
70921320
71530213
71540021
71740085
71740214
71740352
71830112
71930022
72240268
72340038
72640031
72640161
72640802
72730224
72840186
72840232
72930329
73040021
73130078
73130116
73130234
73130243
73230126
77141560
77230006
77230055
77230072
77230195
77230258
77230435
77230463
77230494
77230527
77230722
77240189
77340005
77340059
77340417
77340435
77340608
77340869
77540372
77830184
77940043
77940047
77940424
78040156
78040158
78040159
78240075
78330011
78330126
78430019
78430183