15001890-L-216
700153089
700232570
700330172
700330175
700330248
700444630
700466491
700468086
700594714
700594717
700597360
700601469
700621464
700622507
700623344
700631202
700746637
700748559
700749103
700750655
700777572
70120621
70120736
70120855
70121240
70121764
70220015
70220444
70224365
70321001
70342224
70421989
70423851
71430041
71430096
71530134
71530162
71530188
71530312
71530916
71530981
71540042
71630040
71630108
71630110
71630263
71630266
71640048
71640134
71640719
71740068
71740211
71740471
71740583
71750032
71830253
71930003
71930025
71930029
71930049
71930050
71930052
71930053
71930054
71930064
71930067
71930069
71930070
71930071
71930072
71930073
71930074
71930075
71930082
71930132
71930148
71930161
71930272
71930274
71930324
71940030
71940032
71940043
71940208
71940215
71940216
71940259
71940264
71940282
71940283
71940468
72030006
72030035
72030042
72030056
72030134
72030140
72030167
72030208
72030236
72030263
72030266
72030267
72030304
72030349
72030352
72030359
72030368
72030370
72040001
72221397
72240035
72240053
72240114
72240136
72240221
72240243
72240297
72430035
72440019
72440078
72440083
72540014
72540050
72540153
72540171
72540231
72640817
72740508
72740764
72840471
72930018
72930145
72930146
72930308
72940013
72940096
75010705
77140055
77210004
77630134
77730338
77830050
77830160
77840170
77840284
77840597
77840680
77940051
78040011
78040176
78040184
78240286
78330080
78330113
78340043
78340571