G1_ham_hedef: 17 varyant olculdu
G2_kuantil40: 17 varyant olculdu
H1_hurdle_sifir: 17 varyant olculdu
K1_mevsimsel_naif: 17 varyant olculdu
K2_ets_theta: 17 varyant olculdu
K3_hiyerarsi: 17 varyant olculdu
K4_knn_komsu: 17 varyant olculdu
R1_kohort_gecmis: 17 varyant olculdu

====================================================================================================================================
VARYANT TARAMASI -- BLOK-DISI tasima kazancina gore sirali
====================================================================================================================================
aday                  varyant             cvL   kappa*    CVkaz  blokdisi   bd_min   q_perp   q_yeni  span%       maks kos  LB@f.41
K1_mevsimsel_naif     trafo_sicak    +0.03212   +0.060  0.00194  +0.00151 -0.00088  0.47090  0.23547   23.8       P3 +0.64  0.03987
K1_mevsimsel_naif     sicak          +0.03241   +0.056  0.00180  +0.00077 -0.00368  0.59972  0.36368   20.2       P3 +0.56  0.06158
G1_ham_hedef          trafo_soguk    -0.01102   -0.079  0.00087  +0.00060 -0.00014  0.06786  0.05132   38.9      v90 +0.33  0.00869
K1_mevsimsel_naif     trafo          +0.02699   +0.045  0.00120  +0.00048 -0.00207  0.47360  0.25185   30.4       P3 +0.60  0.04265
G1_ham_hedef          soguk          -0.00939   -0.065  0.00061  +0.00024 -0.00087  0.07902  0.06057   37.3      v90 +0.32  0.01026
G2_kuantil40          trafo_soguk    -0.00628   -0.066  0.00042  +0.00023 -0.00008  0.07705  0.07391   22.4      v90 +0.19  0.01251
R1_kohort_gecmis      trafo_soguk    -0.01311   -0.025  0.00033  +0.00010 -0.00016  0.07065  0.06669   27.6      v90 +0.22  0.01129
H1_hurdle_sifir       trafo_soguk    -0.00808   -0.064  0.00052  +0.00001 -0.00133  0.03378  0.02220   55.8      v99 -0.45  0.00376
R1_kohort_gecmis      hucre          +0.00002   +0.000  0.00000  -0.00001 -0.00001  0.03360  0.02890   10.1       P1 -0.25  0.00489
H1_hurdle_sifir       hucre          -0.00303   -0.026  0.00008  -0.00007 -0.00038  0.01939  0.01639   26.9       P1 -0.34  0.00278
G2_kuantil40          kirp030_trafo  +0.00065   +0.014  0.00001  -0.00011 -0.00013  0.02565  0.02025   15.0       P1 -0.29  0.00343
K4_knn_komsu          hucre          +0.00752   +0.059  0.00044  -0.00018 -0.00197  0.09967  0.09385    7.3       P5 -0.16  0.01589
G2_kuantil40          soguk          -0.00405   -0.041  0.00017  -0.00018 -0.00096  0.08006  0.07546   23.8      v90 +0.20  0.01278
G1_ham_hedef          hucre          +0.00012   +0.001  0.00000  -0.00020 -0.00045  0.03160  0.03008   29.3       P1 -0.14  0.00509
G2_kuantil40          hucre          +0.00276   +0.028  0.00008  -0.00021 -0.00033  0.03703  0.03276   15.2       P1 -0.25  0.00555
R1_kohort_gecmis      soguk          -0.01047   -0.020  0.00020  -0.00024 -0.00093  0.08627  0.08080   27.9      v90 +0.22  0.01368
K1_mevsimsel_naif     hucre          +0.01251   +0.095  0.00119  -0.00031 -0.00511  0.05716  0.05586   25.1      v90 -0.08  0.00946
R1_kohort_gecmis      trafo_sicak    +0.00835   +0.070  0.00059  -0.00032 -0.00279  0.09801  0.09420    6.1       P1 -0.14  0.01595
H1_hurdle_sifir       soguk          -0.00605   -0.044  0.00027  -0.00035 -0.00083  0.03836  0.02576   53.8      v99 -0.41  0.00436
K1_mevsimsel_naif     trafo_ay       +0.02903   +0.045  0.00132  -0.00037 -0.00465  0.53521  0.31789   28.7       P3 +0.56  0.05383
K3_hiyerarsi          hucre          +0.00315   +0.027  0.00008  -0.00049 -0.00098  0.05870  0.05671   21.9       P1 -0.11  0.00960
G2_kuantil40          kirp030_soguk  -0.00002   -0.002  0.00000  -0.00053 -0.00099  0.01292  0.01242   13.6      v90 +0.16  0.00210
G2_kuantil40          kirp010        +0.00029   +0.033  0.00001  -0.00053 -0.00082  0.00623  0.00528   17.0       P1 -0.27  0.00089
R1_kohort_gecmis      trafo          -0.00476   -0.007  0.00004  -0.00054 -0.00095  0.16815  0.15645   16.7      v90 +0.21  0.02649
K1_mevsimsel_naif     ham            +0.02878   +0.044  0.00126  -0.00060 -0.00520  0.59706  0.38221   27.0       P3 +0.52  0.06472
R1_kohort_gecmis      trafo_ay       -0.00682   -0.010  0.00007  -0.00062 -0.00098  0.19288  0.17837   20.0      v90 +0.22  0.03020
R1_kohort_gecmis      ham            -0.00511   -0.008  0.00004  -0.00063 -0.00103  0.20299  0.18903   20.8      v90 +0.22  0.03201
G1_ham_hedef          kirp030_soguk  -0.00099   -0.111  0.00011  -0.00063 -0.00207  0.01136  0.00880   29.6      v99 -0.32  0.00149
R1_kohort_gecmis      kirp030_trafo  +0.00204   +0.056  0.00011  -0.00068 -0.00081  0.02582  0.02342   10.0       P1 -0.22  0.00397
K2_ets_theta          hucre          +0.00335   +0.037  0.00012  -0.00077 -0.00139  0.05082  0.04707   31.5       P1 -0.23  0.00797
G2_kuantil40          kirp020        +0.00025   +0.008  0.00000  -0.00078 -0.00119  0.01827  0.01520   18.2       P1 -0.26  0.00257
G2_kuantil40          kirp030        -0.00007   -0.001  0.00000  -0.00095 -0.00147  0.03165  0.02619   18.4       P1 -0.25  0.00443
H1_hurdle_sifir       trafo          -0.00480   -0.020  0.00010  -0.00098 -0.00280  0.08355  0.06080   34.6      v99 -0.34  0.01030
G1_ham_hedef          kirp030_trafo  +0.00134   +0.025  0.00003  -0.00100 -0.00169  0.02442  0.01978   20.9      v99 -0.27  0.00335
G2_kuantil40          tanh030        -0.00005   -0.001  0.00000  -0.00102 -0.00158  0.02581  0.02128   18.9       P1 -0.24  0.00360
R1_kohort_gecmis      kirp030_soguk  -0.00017   -0.017  0.00000  -0.00110 -0.00225  0.01273  0.01225   18.7      v90 +0.16  0.00207
G2_kuantil40          kirp050        -0.00066   -0.007  0.00000  -0.00117 -0.00176  0.05798  0.04800   18.5      v90 +0.24  0.00813
R1_kohort_gecmis      kirp030_sicak  +0.00052   +0.013  0.00001  -0.00123 -0.00268  0.02604  0.02435   19.9       P1 -0.21  0.00412
G1_ham_hedef          trafo          -0.00563   -0.017  0.00010  -0.00123 -0.00301  0.12202  0.09221   41.6      v99 -0.32  0.01561
G2_kuantil40          kirp030_sicak  -0.00006   -0.001  0.00000  -0.00126 -0.00214  0.01833  0.01422   23.2       P1 -0.35  0.00241
G2_kuantil40          trafo          +0.00302   +0.014  0.00004  -0.00129 -0.00239  0.12801  0.10846   21.4      v90 +0.26  0.01837
R1_kohort_gecmis      kirp010        -0.00010   -0.013  0.00000  -0.00132 -0.00235  0.00680  0.00639   17.9       P1 -0.16  0.00108
G1_ham_hedef          kirp010        +0.00040   +0.046  0.00002  -0.00141 -0.00219  0.00677  0.00611   13.5      v99 -0.17  0.00104
K4_knn_komsu          kirp010        +0.00099   +0.111  0.00011  -0.00142 -0.00188  0.00738  0.00672   13.5       P2 +0.23  0.00114
R1_kohort_gecmis      kirp020        +0.00002   +0.001  0.00000  -0.00151 -0.00264  0.02167  0.02020   19.1       P1 -0.17  0.00342
H1_hurdle_sifir       kirp030_trafo  +0.00091   +0.020  0.00002  -0.00154 -0.00236  0.02189  0.01587   20.5      v99 -0.35  0.00269
G1_ham_hedef          kirp020        +0.00062   +0.020  0.00001  -0.00160 -0.00257  0.02034  0.01793   16.2      v99 -0.20  0.00304
K4_knn_komsu          kirp020        +0.00183   +0.058  0.00011  -0.00161 -0.00206  0.02453  0.02213   14.8       P2 +0.24  0.00375
G1_ham_hedef          kirp030        +0.00061   +0.010  0.00001  -0.00168 -0.00279  0.03535  0.03045   18.8      v99 -0.22  0.00516
R1_kohort_gecmis      kirp030        +0.00035   +0.007  0.00000  -0.00172 -0.00296  0.03879  0.03599   19.4       P1 -0.17  0.00609
G1_ham_hedef          tanh030        +0.00040   +0.008  0.00000  -0.00174 -0.00299  0.02887  0.02449   20.5      v99 -0.23  0.00415
G1_ham_hedef          kirp050        +0.00028   +0.002  0.00000  -0.00177 -0.00308  0.06480  0.05362   23.0      v99 -0.26  0.00908
K4_knn_komsu          kirp030        +0.00232   +0.038  0.00009  -0.00177 -0.00237  0.04592  0.04114   15.9       P2 +0.24  0.00697
R1_kohort_gecmis      tanh030        +0.00035   +0.009  0.00000  -0.00182 -0.00311  0.03129  0.02895   19.9      v90 +0.17  0.00490
K4_knn_komsu          tanh030        +0.00156   +0.031  0.00005  -0.00194 -0.00286  0.03779  0.03367   16.9       P2 +0.25  0.00570
R1_kohort_gecmis      kirp050        +0.00100   +0.011  0.00001  -0.00197 -0.00337  0.07113  0.06568   19.8      v90 +0.18  0.01112
K4_knn_komsu          trafo_soguk    -0.00558   -0.088  0.00049  -0.00203 -0.00663  0.04711  0.04007   51.0       P5 -0.32  0.00679
K4_knn_komsu          kirp030_trafo  +0.00199   +0.038  0.00008  -0.00206 -0.00457  0.02856  0.02465   20.3       P2 +0.30  0.00417
K4_knn_komsu          kirp050        +0.00167   +0.014  0.00002  -0.00206 -0.00325  0.08975  0.07973   17.8       P2 +0.25  0.01350
G1_ham_hedef          trafo_ay       -0.00732   -0.021  0.00015  -0.00212 -0.00607  0.14048  0.10943   41.1      v99 -0.30  0.01853
G1_ham_hedef          ham            -0.00495   -0.014  0.00007  -0.00226 -0.00579  0.15184  0.11933   40.1      v99 -0.29  0.02021
G2_kuantil40          trafo_sicak    +0.00930   +0.081  0.00075  -0.00227 -0.00335  0.04974  0.03742   21.8       P1 -0.30  0.00634
K1_mevsimsel_naif     trafo_soguk    -0.00513   -0.070  0.00036  -0.00243 -0.00558  0.01583  0.01447   74.4       P3 -0.19  0.00245
K2_ets_theta          trafo_soguk    -0.00513   -0.070  0.00036  -0.00243 -0.00558  0.01583  0.01447   74.4       P3 -0.19  0.00245
K3_hiyerarsi          trafo_soguk    -0.00513   -0.070  0.00036  -0.00243 -0.00558  0.01583  0.01447   74.4       P3 -0.19  0.00245
K3_hiyerarsi          kirp010        +0.00095   +0.107  0.00010  -0.00250 -0.00360  0.00560  0.00521   28.6       P2 +0.23  0.00088
R1_kohort_gecmis      sicak          +0.00536   +0.037  0.00020  -0.00254 -0.00696  0.11851  0.11444   13.4       P1 -0.13  0.01938
G1_ham_hedef          kirp030_sicak  +0.00160   +0.032  0.00005  -0.00256 -0.00370  0.02478  0.02329    9.5       P2 +0.16  0.00394
H1_hurdle_sifir       kirp010        -0.00036   -0.042  0.00002  -0.00257 -0.00435  0.00612  0.00514   15.7       P1 -0.23  0.00087
H1_hurdle_sifir       ham            -0.00524   -0.020  0.00011  -0.00259 -0.00648  0.09861  0.07452   33.2      v99 -0.30  0.01262
H1_hurdle_sifir       trafo_ay       -0.00695   -0.028  0.00019  -0.00260 -0.00706  0.09190  0.06883   34.0      v99 -0.32  0.01165
H1_hurdle_sifir       trafo_sicak    +0.00328   +0.030  0.00010  -0.00267 -0.00409  0.04591  0.03901   10.4       P1 -0.24  0.00661
H1_hurdle_sifir       kirp030_soguk  +0.00062   +0.074  0.00005  -0.00292 -0.00490  0.00903  0.00631   40.1      v99 -0.42  0.00107
K3_hiyerarsi          kirp020        +0.00127   +0.042  0.00005  -0.00294 -0.00462  0.01680  0.01545   31.8       P2 +0.24  0.00262
G2_kuantil40          trafo_ay       +0.00099   +0.004  0.00000  -0.00301 -0.00617  0.13334  0.11320   23.4      v90 +0.26  0.01917
G2_kuantil40          ham            +0.00310   +0.014  0.00004  -0.00303 -0.00562  0.13871  0.11769   24.1      v90 +0.26  0.01993
H1_hurdle_sifir       kirp020        -0.00069   -0.024  0.00002  -0.00310 -0.00522  0.01719  0.01393   18.0      v99 -0.26  0.00236
G1_ham_hedef          trafo_sicak    +0.00539   +0.028  0.00015  -0.00335 -0.00782  0.06689  0.05879   31.6       P2 +0.21  0.00995
K3_hiyerarsi          kirp030        +0.00074   +0.013  0.00001  -0.00338 -0.00600  0.02909  0.02661   34.1       P2 +0.25  0.00451
K4_knn_komsu          soguk          -0.00414   -0.061  0.00025  -0.00341 -0.00893  0.05516  0.04850   49.3       P5 -0.24  0.00821
H1_hurdle_sifir       sicak          +0.00081   +0.007  0.00001  -0.00342 -0.00577  0.05663  0.04982   12.5       P1 -0.22  0.00844
H1_hurdle_sifir       kirp030        -0.00057   -0.011  0.00001  -0.00347 -0.00563  0.02854  0.02243   20.3      v99 -0.29  0.00380
H1_hurdle_sifir       tanh030        -0.00035   -0.008  0.00000  -0.00355 -0.00566  0.02288  0.01774   21.7      v99 -0.30  0.00300
K3_hiyerarsi          tanh030        +0.00018   +0.004  0.00000  -0.00356 -0.00671  0.02330  0.02129   35.4       P2 +0.26  0.00360
K3_hiyerarsi          kirp030_trafo  +0.00071   +0.014  0.00001  -0.00358 -0.00630  0.02297  0.02071   36.3       P2 +0.25  0.00351
H1_hurdle_sifir       kirp030_sicak  -0.00119   -0.027  0.00003  -0.00362 -0.00737  0.01836  0.01628   11.4       P1 -0.26  0.00276
K1_mevsimsel_naif     soguk          -0.00363   -0.048  0.00017  -0.00370 -0.00736  0.01706  0.01502   74.5       P3 -0.27  0.00254
K2_ets_theta          soguk          -0.00363   -0.048  0.00017  -0.00370 -0.00736  0.01706  0.01502   74.5       P3 -0.27  0.00254
K3_hiyerarsi          soguk          -0.00363   -0.048  0.00017  -0.00370 -0.00736  0.01706  0.01502   74.5       P3 -0.27  0.00254
G1_ham_hedef          sicak          +0.00444   +0.021  0.00009  -0.00373 -0.00530  0.08757  0.08000   31.3       P2 +0.17  0.01355
H1_hurdle_sifir       kirp050        +0.00005   +0.001  0.00000  -0.00373 -0.00572  0.04873  0.03669   24.1      v99 -0.32  0.00621
K3_hiyerarsi          kirp050        -0.00135   -0.013  0.00002  -0.00383 -0.00811  0.05179  0.04731   36.9       P2 +0.27  0.00801
G2_kuantil40          sicak          +0.00715   +0.056  0.00040  -0.00397 -0.00575  0.05824  0.04623   24.9       P1 -0.28  0.00783
K4_knn_komsu          kirp030_sicak  +0.00284   +0.053  0.00015  -0.00450 -0.00724  0.03622  0.03235    8.8       P2 +0.27  0.00548
R1_kohort_gecmis      sekil          -0.00035   -0.008  0.00000  -0.00459 -0.00804  0.04091  0.04007   24.9       P3 -0.08  0.00678
G1_ham_hedef          sekil          +0.00068   +0.026  0.00002  -0.00488 -0.00827  0.04012  0.03936   10.0       P5 +0.09  0.00667
H1_hurdle_sifir       sekil          -0.00044   -0.019  0.00001  -0.00533 -0.01098  0.01774  0.01724   11.2       P5 +0.10  0.00292
K4_knn_komsu          kirp030_soguk  -0.00052   -0.063  0.00003  -0.00535 -0.01195  0.00971  0.00863   34.9       P5 -0.22  0.00146
K4_knn_komsu          ham            -0.01561   -0.028  0.00043  -0.00537 -0.00973  0.47652  0.37057   23.8       P3 +0.28  0.06275
G2_kuantil40          sekil          +0.00008   +0.005  0.00000  -0.00565 -0.00921  0.01573  0.01519   20.6       P5 +0.11  0.00257
K4_knn_komsu          trafo_ay       -0.01549   -0.028  0.00043  -0.00578 -0.00980  0.44187  0.33718   25.1       P3 +0.29  0.05710
K1_mevsimsel_naif     sekil          +0.00179   +0.034  0.00006  -0.00596 -0.01197  0.13632  0.13542    1.1       P4 +0.06  0.02293
K1_mevsimsel_naif     kirp030_soguk  +0.00008   +0.010  0.00000  -0.00602 -0.01129  0.00583  0.00540   56.9       P3 -0.20  0.00091
K2_ets_theta          kirp030_soguk  +0.00008   +0.010  0.00000  -0.00602 -0.01129  0.00583  0.00540   56.9       P3 -0.20  0.00091
K3_hiyerarsi          kirp030_soguk  +0.00008   +0.010  0.00000  -0.00602 -0.01129  0.00583  0.00540   56.9       P3 -0.20  0.00091
K3_hiyerarsi          ham            -0.01796   -0.039  0.00070  -0.00626 -0.01438  0.36231  0.27338   31.6       P3 +0.38  0.04629
K3_hiyerarsi          trafo_ay       -0.01780   -0.039  0.00070  -0.00663 -0.01436  0.35796  0.26829   31.2       P3 +0.39  0.04543
K3_hiyerarsi          kirp030_sicak  +0.00067   +0.014  0.00001  -0.00759 -0.01288  0.02415  0.02102   21.1       P2 +0.27  0.00356
K4_knn_komsu          trafo          -0.01440   -0.027  0.00039  -0.00764 -0.01215  0.41733  0.31342   25.2       P3 +0.31  0.05307
K3_hiyerarsi          trafo          -0.01604   -0.036  0.00058  -0.00812 -0.01242  0.35464  0.26319   30.3       P3 +0.41  0.04457
K2_ets_theta          trafo_sicak    +0.02117   +0.120  0.00254  -0.00820 -0.01760  0.30361  0.09399   35.0       P3 +0.76  0.01592
K2_ets_theta          kirp010        +0.00554   +0.639  0.00354  -0.00924 -0.01248  0.00571  0.00472   27.3       P2 -0.26  0.00080
K2_ets_theta          kirp030_trafo  +0.01289   +0.280  0.00361  -0.00954 -0.01141  0.02320  0.01732   36.7       P2 -0.30  0.00293
K4_knn_komsu          sekil          -0.00121   -0.041  0.00005  -0.00955 -0.01559  0.06454  0.06168    4.5       P4 +0.19  0.01044
K2_ets_theta          kirp030_sicak  +0.01297   +0.282  0.00366  -0.00984 -0.02060  0.02385  0.01705   18.9       P1 -0.32  0.00289
K1_mevsimsel_naif     kirp030_trafo  +0.01191   +0.301  0.00358  -0.01040 -0.02685  0.02170  0.01878   35.2      v99 -0.26  0.00318
K2_ets_theta          sekil          -0.00099   -0.048  0.00005  -0.01055 -0.02149  0.01692  0.01606   17.5       P5 +0.10  0.00272
K2_ets_theta          sicak          +0.01868   +0.097  0.00180  -0.01144 -0.01312  0.31075  0.10524   35.6       P3 +0.75  0.01782
K3_hiyerarsi          sekil          -0.00192   -0.105  0.00020  -0.01152 -0.02231  0.01707  0.01615   19.0       P2 +0.11  0.00274
K2_ets_theta          kirp020        +0.00995   +0.342  0.00340  -0.01155 -0.01570  0.01657  0.01357   31.7       P2 -0.26  0.00230
K4_knn_komsu          sicak          -0.01147   -0.023  0.00026  -0.01173 -0.01932  0.43353  0.32084   16.1       P3 +0.36  0.05433
K1_mevsimsel_naif     kirp030_sicak  +0.01190   +0.284  0.00338  -0.01254 -0.04034  0.02826  0.02444   11.8      v99 -0.23  0.00414
K2_ets_theta          trafo          +0.01604   +0.064  0.00103  -0.01404 -0.02376  0.30286  0.10895   42.7       P3 +0.72  0.01845
K2_ets_theta          kirp030        +0.01305   +0.242  0.00316  -0.01421 -0.01952  0.02756  0.02251   35.8       P2 -0.25  0.00381
K1_mevsimsel_naif     kirp050        +0.01864   +0.199  0.00370  -0.01445 -0.03712  0.05831  0.05319   32.5      v99 -0.23  0.00901
K4_knn_komsu          trafo_sicak    -0.00882   -0.019  0.00016  -0.01471 -0.02779  0.37907  0.27335   17.9       P3 +0.38  0.04629
K1_mevsimsel_naif     kirp010        +0.00408   +0.489  0.00199  -0.01501 -0.03548  0.00620  0.00576   22.2      v99 -0.16  0.00097
K1_mevsimsel_naif     kirp030        +0.01198   +0.240  0.00288  -0.01519 -0.03719  0.03256  0.02999   28.6      v99 -0.21  0.00508
K1_mevsimsel_naif     tanh030        +0.01137   +0.279  0.00318  -0.01530 -0.03819  0.02620  0.02403   30.1      v99 -0.21  0.00407
K3_hiyerarsi          sicak          -0.01433   -0.037  0.00053  -0.01554 -0.02518  0.35687  0.25533   22.9       P3 +0.45  0.04324
K1_mevsimsel_naif     kirp020        +0.00811   +0.298  0.00242  -0.01555 -0.03714  0.01875  0.01734   25.6      v99 -0.19  0.00294
K2_ets_theta          tanh030        +0.01171   +0.277  0.00325  -0.01569 -0.02199  0.02160  0.01747   38.2       P2 -0.26  0.00296
K2_ets_theta          trafo_ay       +0.01339   +0.051  0.00068  -0.01683 -0.02236  0.30250  0.11640   44.2       P3 +0.71  0.01971
K2_ets_theta          ham            +0.01505   +0.056  0.00084  -0.01722 -0.02231  0.30307  0.12103   44.8       P3 +0.70  0.02049
K3_hiyerarsi          trafo_sicak    -0.01092   -0.029  0.00032  -0.01859 -0.03253  0.34634  0.24694   22.5       P3 +0.45  0.04182
K2_ets_theta          kirp050        +0.01673   +0.176  0.00294  -0.01906 -0.02772  0.04574  0.03713   41.9       P2 -0.25  0.00629
