G1_ham_hedef: 5 ofset yonu
G2_kuantil40: 5 ofset yonu
H1_hurdle_sifir: 5 ofset yonu
K1_mevsimsel_naif: 5 ofset yonu
K2_ets_theta: 5 ofset yonu
K3_hiyerarsi: 5 ofset yonu
K4_knn_komsu: 5 ofset yonu
R1_kohort_gecmis: 5 ofset yonu

==============================================================================================================================
OFSET YONLERI -- grup anahtari YENI MODELIN URETIMLE ANLASMAZLIGI
==============================================================================================================================
yon                                 kova   kappa    CVkaz  blokdisi   bd_min   q_perp   q_yeni  span%  maks kos
G1_ham_hedef__ofs_dtrafo_ay          238  +1.164  0.03049  +0.00000 +0.00000  0.04673  0.03486   44.7  v99 +0.33
G2_kuantil40__ofs_dtrafo_ay          240  +1.160  0.03056  +0.00000 +0.00000  0.03815  0.03173   44.3  P4 +0.28
H1_hurdle_sifir__ofs_dtrafo_ay       238  +1.159  0.04088  +0.00000 +0.00000  0.04732  0.03731   40.7  v99 +0.33
K1_mevsimsel_naif__ofs_dtrafo_ay     238  +1.093  0.05123  +0.00000 +0.00000  0.04781  0.03096   43.7  v99 +0.47
K2_ets_theta__ofs_dtrafo_ay          238  +1.098  0.05125  +0.00000 +0.00000  0.04426  0.03234   42.5  v99 +0.41
K3_hiyerarsi__ofs_dtrafo_ay          238  +1.107  0.04440  +0.00000 +0.00000  0.04455  0.03136   48.8  v99 +0.37
K4_knn_komsu__ofs_dtrafo_ay          239  +1.105  0.04332  +0.00000 +0.00000  0.05450  0.03909   46.1  v99 +0.36
R1_kohort_gecmis__ofs_dtrafo_ay      231  +1.165  0.02829  +0.00000 +0.00000  0.03427  0.02765   52.0  P4 +0.32
G1_ham_hedef__ofs_dsekil              20  +1.011  0.00282  -0.00487 -0.00820  0.00312  0.00247   31.0  v99 -0.37
R1_kohort_gecmis__ofs_dsekil          20  +1.010  0.00331  -0.00526 -0.00932  0.00314  0.00245   34.1  v99 -0.40
G2_kuantil40__ofs_dsekil              20  +1.011  0.00283  -0.00573 -0.00982  0.00280  0.00204   37.4  v99 -0.42
H1_hurdle_sifir__ofs_dsekil           20  +1.009  0.00244  -0.00654 -0.00971  0.00176  0.00111   43.8  v99 -0.53
G2_kuantil40__ofs_dtrafo              20  +1.014  0.00618  -0.00946 -0.02063  0.00881  0.00745   24.9  v99 -0.33
K1_mevsimsel_naif__ofs_dsekil         20  +1.010  0.00308  -0.01019 -0.01899  0.00307  0.00241   31.9  v99 -0.32
R1_kohort_gecmis__ofs_d               20  +1.015  0.00335  -0.01019 -0.01510  0.00447  0.00317   35.8  v99 -0.47
K4_knn_komsu__ofs_dsekil              20  +1.011  0.00270  -0.01078 -0.01686  0.00249  0.00197   27.5  v99 -0.38
G2_kuantil40__ofs_d                   20  +1.015  0.00397  -0.01339 -0.01542  0.00569  0.00460   28.7  v99 -0.38
K3_hiyerarsi__ofs_dsekil              20  +1.010  0.00304  -0.01405 -0.02605  0.00294  0.00221   33.2  v99 -0.38
K2_ets_theta__ofs_dsekil              20  +1.010  0.00302  -0.01439 -0.02947  0.00280  0.00214   32.9  v99 -0.36
R1_kohort_gecmis__ofs_dtrafo          20  +1.015  0.00470  -0.01875 -0.04140  0.00363  0.00284   27.2  v99 -0.41
K1_mevsimsel_naif__ofs_dtrafo         20  +1.006  0.01167  -0.01968 -0.03594  0.01152  0.00795   11.5  v99 -0.46
K4_knn_komsu__ofs_d                   20  +1.011  0.00314  -0.02075 -0.03130  0.00321  0.00256   34.3  v99 -0.38
K4_knn_komsu__ofs_dtrafo              20  +1.011  0.00410  -0.02114 -0.03513  0.00490  0.00415   27.7  v99 -0.32
R1_kohort_gecmis__ofs_d_kova         157  +1.095  0.01320  -0.02115 -0.02499  0.01024  0.00919   15.8  v99 -0.27
G1_ham_hedef__ofs_dtrafo              20  +1.013  0.00541  -0.02194 -0.04631  0.00951  0.00894   25.0  v99 -0.20
G1_ham_hedef__ofs_d                   20  +1.013  0.00447  -0.02294 -0.02702  0.00813  0.00740   24.7  v99 -0.26
K3_hiyerarsi__ofs_dtrafo              20  +1.014  0.00381  -0.02547 -0.03562  0.00508  0.00431   28.4  v99 -0.33
K3_hiyerarsi__ofs_d                   20  +1.010  0.00296  -0.02554 -0.04252  0.00239  0.00174   48.2  v99 -0.43
H1_hurdle_sifir__ofs_dtrafo           20  +1.011  0.00631  -0.02596 -0.03626  0.00632  0.00485   37.4  v99 -0.41
K4_knn_komsu__ofs_d_kova             159  +1.090  0.01598  -0.02599 -0.03595  0.02216  0.02162    3.4  P5 -0.14
K1_mevsimsel_naif__ofs_d              20  +1.005  0.00857  -0.02616 -0.04504  0.00748  0.00479   19.8  v99 -0.50
H1_hurdle_sifir__ofs_d                20  +1.012  0.00397  -0.02961 -0.03955  0.00498  0.00363   37.7  v99 -0.46
G2_kuantil40__ofs_d_kova             159  +1.099  0.01621  -0.03045 -0.04334  0.01869  0.01761    8.2  P5 -0.16
K1_mevsimsel_naif__ofs_d_kova        156  +1.059  0.02290  -0.03401 -0.05184  0.02467  0.02316    4.1  v99 -0.17
K3_hiyerarsi__ofs_d_kova             156  +1.076  0.01864  -0.03586 -0.05412  0.02044  0.01973    5.6  P5 -0.13
H1_hurdle_sifir__ofs_d_kova          159  +1.087  0.01614  -0.04482 -0.05545  0.01769  0.01636   11.2  v99 -0.19
K2_ets_theta__ofs_dtrafo              20  +1.007  0.00980  -0.04528 -0.08862  0.01033  0.00678   17.4  v99 -0.42
G1_ham_hedef__ofs_d_kova             157  +1.097  0.01533  -0.04727 -0.06281  0.01843  0.01787   10.9  P5 -0.12
K2_ets_theta__ofs_d                   20  +1.006  0.00596  -0.06064 -0.07802  0.00518  0.00327   30.1  v99 -0.45
K2_ets_theta__ofs_d_kova             156  +1.076  0.01720  -0.07422 -0.08306  0.02035  0.01888    6.4  v99 -0.15
